32
0 1424 1963 1058 1888 1735 1475 1869 1026 1556 1075 1234 1291 1190 1897 1611 1914 1773 1831 1765 1335 1114 1849 1859 1504 1358 1310 1942 1811 1515 1954 1839 
1424 0 1508 1482 1638 1887 2047 1214 1669 1067 1246 1107 1473 1164 1263 1132 1300 1137 1298 1157 1052 1350 1523 1451 1363 1903 1996 1784 1217 1847 1689 1286 
1963 1508 0 1267 1184 1308 1240 1623 1348 1278 1793 1794 1739 1082 1761 1225 1956 1539 1732 1124 1589 1755 1352 1336 1131 1960 1808 1990 1610 1618 1609 1567 
1058 1482 1267 0 1807 1548 1704 1613 1935 1940 1934 1937 1258 1304 1141 2004 1683 1678 1875 1978 1568 1392 1493 1110 1037 1894 1896 1460 1874 1666 2001 1798 
1888 1638 1184 1807 0 1340 1933 1930 1574 1435 1994 1188 2042 1633 1643 1092 1799 1890 1087 1546 2017 1072 1386 1573 1357 1189 1936 1486 1670 1261 2034 1153 
1735 1887 1308 1548 1340 0 1500 1958 1594 1256 1457 1614 1654 1102 1910 1165 1266 1579 1030 2048 1521 2039 1983 1450 1063 1975 1777 1585 1031 1921 1634 1948 
1475 2047 1240 1704 1933 1500 0 2027 1397 1680 1902 1628 1433 1891 1561 1885 1861 1884 1411 1812 1803 1074 1464 1513 1828 1679 1536 1593 1912 1230 1870 1297 
1869 1214 1623 1613 1930 1958 2027 0 1552 1338 1257 1941 1199 1939 1630 1775 1865 1375 1792 1160 1156 1328 1771 1662 1097 1649 1969 2045 1251 1232 1038 1672 
1026 1669 1348 1935 1574 1594 1397 1552 0 1816 1928 1818 1694 1372 1763 1265 1329 1747 1478 1323 1674 1111 1843 1520 1084 1271 1837 1911 1041 1721 1207 1620 
1556 1067 1278 1940 1435 1256 1680 1338 1816 0 1440 1210 1756 1740 1987 1079 1569 1997 1889 1078 1127 1140 1324 1462 1491 2046 1083 1192 1951 1488 1651 1663 
1075 1246 1793 1934 1994 1457 1902 1257 1928 1440 0 1988 1427 1387 1455 1866 2012 1380 1174 1472 1484 1385 1497 1033 1886 1045 1772 1094 1090 1437 1242 1128 
1234 1107 1794 1937 1188 1614 1628 1941 1818 1210 1988 0 1518 1055 1025 1845 1446 2014 1510 1657 1791 1981 1091 1272 2020 1316 1161 1880 1968 1178 1918 1204 
1291 1473 1739 1258 2042 1654 1433 1199 1694 1756 1427 1518 0 1660 1901 1277 1279 2032 1883 1974 1085 1368 1029 1625 1431 1268 1590 1857 1825 1927 1362 1252 
1190 1164 1082 1304 1633 1102 1891 1939 1372 1740 1387 1055 1660 0 1787 1354 2002 1419 2036 1034 1852 1920 1993 1434 1595 1947 1168 1813 1720 1727 1126 1343 
1897 1263 1761 1141 1643 1910 1561 1630 1763 1987 1455 1025 1901 1787 0 1121 1716 1871 1835 1706 1600 1738 1103 1402 1250 1616 1036 1060 1509 2005 1135 1035 
1611 1132 1225 2004 1092 1165 1885 1775 1265 1079 1866 1845 1277 1354 1121 0 1235 1339 1916 1061 1778 1406 1805 1187 1228 1864 1186 1162 1326 1538 1692 1467 
1914 1300 1956 1683 1799 1266 1861 1865 1329 1569 2012 1446 1279 2002 1716 1235 0 1407 1554 1123 1405 1295 1868 1709 1800 1984 1236 1119 1373 1511 1155 1237 
1773 1137 1539 1678 1890 1579 1884 1375 1747 1997 1380 2014 2032 1419 1871 1339 1407 0 1879 1501 1122 1690 1182 1422 1104 1502 1728 1949 1496 1877 1117 1648 
1831 1298 1732 1875 1087 1030 1411 1792 1478 1889 1174 1510 1883 2036 1835 1916 1554 1879 0 1130 1053 1668 1059 1922 1325 1049 1553 1109 1318 1725 1810 1873 
1765 1157 1124 1978 1546 2048 1812 1160 1323 1078 1472 1657 1974 1034 1706 1061 1123 1501 1130 0 1723 1950 1764 1965 1468 1697 1675 1617 1908 1388 1443 1846 
1335 1052 1589 1568 2017 1521 1803 1156 1674 1127 1484 1791 1085 1852 1600 1778 1405 1122 1053 1723 0 1581 1032 1134 1480 1421 1608 1409 1231 1458 1802 1151 
1114 1350 1755 1392 1072 2039 1074 1328 1111 1140 1385 1981 1368 1920 1738 1406 1295 1690 1668 1950 1581 0 1592 1904 1213 1619 1752 1170 1281 1285 1206 1782 
1849 1523 1352 1493 1386 1983 1464 1771 1843 1324 1497 1091 1029 1993 1103 1805 1868 1182 1059 1764 1032 1592 0 1215 1260 1753 1549 1077 1544 1605 1149 1863 
1859 1451 1336 1110 1573 1450 1513 1662 1520 1462 1033 1272 1625 1434 1402 1187 1709 1422 1922 1965 1134 1904 1215 0 1120 1376 1319 1050 1056 1658 1404 1641 
1504 1363 1131 1037 1357 1063 1828 1097 1084 1491 1886 2020 1431 1595 1250 1228 1800 1104 1325 1468 1480 1213 1260 1120 0 1159 1980 1913 1998 1833 1906 1814 
1358 1903 1960 1894 1189 1975 1679 1649 1271 2046 1045 1316 1268 1947 1616 1864 1984 1502 1049 1697 1421 1619 1753 1376 1159 0 2040 1448 1306 1830 1452 1565 
1310 1996 1808 1896 1936 1777 1536 1969 1837 1083 1772 1161 1590 1168 1036 1186 1236 1728 1553 1675 1608 1752 1549 1319 1980 2040 0 1606 1844 2015 1607 1832 
1942 1784 1990 1460 1486 1585 1593 2045 1911 1192 1094 1880 1857 1813 1060 1162 1119 1949 1109 1617 1409 1170 1077 1050 1913 1448 1606 0 1631 1309 1681 1360 
1811 1217 1610 1874 1670 1031 1912 1251 1041 1951 1090 1968 1825 1720 1509 1326 1373 1496 1318 1908 1231 1281 1544 1056 1998 1306 1844 1631 0 1989 1961 1653 
1515 1847 1618 1666 1261 1921 1230 1232 1721 1488 1437 1178 1927 1727 2005 1538 1511 1877 1725 1388 1458 1285 1605 1658 1833 1830 2015 1309 1989 0 1390 1962 
1954 1689 1609 2001 2034 1634 1870 1038 1207 1651 1242 1918 1362 1126 1135 1692 1155 1117 1810 1443 1802 1206 1149 1404 1906 1452 1607 1681 1961 1390 0 2033 
1839 1286 1567 1798 1153 1948 1297 1672 1620 1663 1128 1204 1252 1343 1035 1467 1237 1648 1873 1846 1151 1782 1863 1641 1814 1565 1832 1360 1653 1962 2033 0 
